# ID, X, Y, Fuel needed (L)
Sites = [
[0,388,103,241],
[1,134,282,83],
[2,75,99,87],
[3,367,148,223],
[4,124,98,130],
[5,173,208,99],
[6,345,252,0],
[7,153,140,111],
[8,182,175,335],
[9,160,245,137],
[10,188,217,124],
[11,306,60,133],
[12,149,24,104],
[13,191,107,104],
[14,264,48,82],
[15,64,48,119],
[16,190,267,336],
[17,139,190,145],
[18,33,12,134],
[19,372,236,220],
[20,93,231,0],
[21,348,124,182],
[22,265,14,298],
[23,258,240,154],
[24,308,245,174],
[25,186,150,94],
[26,339,192,112],
[27,124,202,107],
[28,314,262,130],
[29,263,273,371],
[30,338,285,184],
[31,239,205,200],
[32,152,154,372],
[33,23,91,241],
[34,68,58,0],
[35,358,258,98],
[36,302,99,128],
[37,12,238,176],
[38,73,190,53],
[39,197,180,92],
[40,251,277,133],
[41,143,52,96],
[42,268,213,133],
[43,305,282,297],
[44,355,269,107],
[45,123,287,244],
[46,331,11,407],
[47,202,44,144],
[48,245,43,318],
[49,172,264,244],
[50,202,102,154],
[51,228,190,232],
[52,86,277,114],
[53,356,107,295],
[54,225,78,0],
[55,279,115,219]]

# ID, Site1, Site2, Distance (km)
Roads = [
[0,0,3,61],
[1,3,0,61],
[2,22,46,78],
[3,46,22,78],
[4,1,45,13],
[5,45,1,13],
[6,6,44,23],
[7,44,6,23],
[8,30,44,27],
[9,44,30,27],
[10,6,30,43],
[11,30,6,43],
[12,18,33,103],
[13,33,18,103],
[14,15,18,57],
[15,18,15,57],
[16,12,41,34],
[17,41,12,34],
[18,37,38,81],
[19,38,37,81],
[20,2,33,68],
[21,33,2,68],
[22,20,45,78],
[23,45,20,78],
[24,20,38,50],
[25,38,20,50],
[26,27,38,54],
[27,38,27,54],
[28,20,27,48],
[29,27,20,48],
[30,11,46,57],
[31,46,11,57],
[32,11,22,62],
[33,22,11,62],
[34,35,44,13],
[35,44,35,13],
[36,19,35,33],
[37,35,19,33],
[38,6,35,15],
[39,35,6,15],
[40,33,34,57],
[41,34,33,57],
[42,2,34,42],
[43,34,2,42],
[44,15,34,12],
[45,34,15,12],
[46,4,34,76],
[47,34,4,76],
[48,2,4,62],
[49,4,2,62],
[50,34,41,84],
[51,41,34,84],
[52,4,41,50],
[53,41,4,50],
[54,20,52,51],
[55,52,20,51],
[56,45,52,41],
[57,52,45,41],
[58,50,54,34],
[59,54,50,34],
[60,54,55,83],
[61,55,54,83],
[62,12,47,68],
[63,47,12,68],
[64,47,50,64],
[65,50,47,64],
[66,47,54,53],
[67,54,47,53],
[68,0,53,36],
[69,53,0,36],
[70,21,53,20],
[71,53,21,20],
[72,3,21,35],
[73,21,3,35],
[74,11,53,82],
[75,53,11,82],
[76,11,14,44],
[77,14,11,44],
[78,14,22,35],
[79,22,14,35],
[80,21,36,60],
[81,36,21,60],
[82,36,55,29],
[83,55,36,29],
[84,14,36,64],
[85,36,14,64],
[86,11,36,45],
[87,36,11,45],
[88,16,40,80],
[89,40,16,80],
[90,23,24,55],
[91,24,23,55],
[92,23,42,33],
[93,42,23,33],
[94,24,42,64],
[95,42,24,64],
[96,23,31,47],
[97,31,23,47],
[98,31,42,34],
[99,42,31,34],
[100,16,23,95],
[101,23,16,95],
[102,10,23,85],
[103,23,10,85],
[104,10,16,52],
[105,16,10,52],
[106,30,43,34],
[107,43,30,34],
[108,6,26,75],
[109,26,6,75],
[110,19,26,56],
[111,26,19,56],
[112,24,26,68],
[113,26,24,68],
[114,3,26,62],
[115,26,3,62],
[116,26,42,76],
[117,42,26,76],
[118,17,27,21],
[119,27,17,21],
[120,17,32,47],
[121,32,17,47],
[122,13,50,13],
[123,50,13,13],
[124,13,25,48],
[125,25,13,48],
[126,4,13,83],
[127,13,4,83],
[128,13,41,76],
[129,41,13,76],
[130,47,48,49],
[131,48,47,49],
[132,48,54,49],
[133,54,48,49],
[134,14,48,23],
[135,48,14,23],
[136,22,48,35],
[137,48,22,35],
[138,9,20,72],
[139,20,9,72],
[140,1,9,50],
[141,9,1,50],
[142,9,27,72],
[143,27,9,72],
[144,28,43,28],
[145,43,28,28],
[146,28,30,36],
[147,30,28,36],
[148,6,28,36],
[149,28,6,36],
[150,24,28,22],
[151,28,24,22],
[152,23,29,43],
[153,29,23,43],
[154,29,43,53],
[155,43,29,53],
[156,29,40,15],
[157,40,29,15],
[158,7,32,16],
[159,32,7,16],
[160,4,7,63],
[161,7,4,63],
[162,7,13,53],
[163,13,7,53],
[164,25,32,40],
[165,32,25,40],
[166,31,51,19],
[167,51,31,19],
[168,10,51,62],
[169,51,10,62],
[170,39,51,40],
[171,51,39,40],
[172,10,39,49],
[173,39,10,49],
[174,25,39,36],
[175,39,25,36],
[176,8,17,46],
[177,17,8,46],
[178,8,32,46],
[179,32,8,46],
[180,8,25,29],
[181,25,8,29],
[182,8,39,17],
[183,39,8,17],
[184,16,49,23],
[185,49,16,23],
[186,1,49,46],
[187,49,1,46],
[188,9,49,26],
[189,49,9,26],
[190,5,9,47],
[191,9,5,47],
[192,5,10,23],
[193,10,5,23],
[194,5,8,42],
[195,8,5,42],
[196,5,17,50],
[197,17,5,50]]

